150523
114984
92321
85424
83291
76249
75480
75403
74686
74208
68504
67578
56056
54198
52445
51691
47257
46756
45907
45184
41515
41346
39308
36042
33131
32690
32463
31114
30735
28442
28180
27121
27015
26870
25986
25759
25177
24386
23774
23575
23275
23206
22766
22612
22509
22275
22185
22088
22057
21819
21734
21438
21420
21246
21126
20958
20561
20479
19855
19757
19671
19664
19639
19513
19331
19295
19291
19271
19216
19192
19104
19056
18879
18644
18612
18605
18496
18292
18212
18073
17985
17948
17906
17709
17595
17566
17448
17441
17396
17353
17319
17283
17183
17016
16935
16913
16827
16767
16638
16519
16408
16367
16357
16354
16342
16312
16121
16003
15947
15927
15800
15781
15653
15610
15601
15574
15544
15231
15226
15180
15139
15071
15067
14981
14957
14913
14758
14657
14655
14398
14327
14307
14303
14235
14194
14114
13704
13614
13523
13482
13320
13275
13225
13039
12910
12844
12792
12704
12695
12571
12469
12390
12347
12328
12259
12079
11843
11800
11771
11609
11508
11249
11126
11115
11039
10921
10799
10740
10608
10601
10542
10527
10437
10413
10367
10327
10034
10022
10012
9985
9931
9891
9832
9761
9757
9748
9607
9599
9556
9513
9485
9463
9417
9409
9396
9287
9264
9246
9241
9198
9137
9111
9079
9076
9042
8971
8909
8891
8819
8819
8739
8636
8614
8606
8483
8368
8342
8258
8251
8234
8211
8186
8048
8047
7988
7974
7882
7881
7877
7870
7861
7825
7798
7740
7736
7729
7712
7710
7645
7644
7641
7577
7530
7438
7436
7418
7332
7329
7297
7294
7293
7280
7141
7080
7060
7041
7034
7017
7017
6990
6946
6865
6833
6829
6784
6777
6750
6735
6700
6683
6661
6619
6618
6576
6554
6503
6500
6493
6490
6478
6454
6439
6436
6383
6364
6347
6333
6309
6271
6266
6220
6219
6182
6175
6149
6123
6065
6018
6008
5981
5973
5951
5942
5937
5889
5885
5871
5861
5855
5855
5839
5825
5819
5817
5812
5790
5783
5773
5773
5721
5711
5706
5677
5664
5662
5659
5638
5634
5592
5563
5533
5528
5507
5497
5463
5379
5372
5355
5331
5300
5296
5293
5292
5266
5230
5193
5189
5162
5160
5145
5120
5094
5088
5080
5062
5051
5023
4988
4977
4975
4957
4949
4934
4909
4902
4826
4806
4782
4768
4761
4756
4744
4705
4693
4689
4644
4629
4598
4566
4563
4561
4554
4545
4527
4527
4521
4501
4479
4457
4450
4448
4404
4372
4344
4342
4315
4283
4278
4262
4225
4213
4180
4171
4140
4137
4120
4106
4100
4090
4080
4066
4063
4050
4049
4039
4027
3991
3990
3976
3954
3929
3928
3908
3902
3894
3893
3857
3802
3743
3739
3732
3719
3715
3713
3701
3679
3639
3634
3630
3619
3608
3602
3588
3586
3585
3575
3563
3561
3553
3551
3550
3550
3548
3538
3536
3535
3527
3525
3511
3507
3493
3475
3456
3440
3433
3398
3382
3367
3360
3358
3358
3337
3334
3310
3305
3302
3291
3287
3265
3252
3236
3233
3233
3231
3228
3213
3211
3211
3207
3183
3177
3165
3158
3130
3127
3124
3120
3113
3111
3108
3103
3070
3060
3050
3027
3017
3015
3007
2998
2998
2997
2995
2991
2989
2977
2958
2944
2912
2896
2888
2877
2866
2846
2833
2821
2816
2809
2807
2801
2786
2783
2772
2771
2766
2761
2749
2712
2705
2693
2691
2690
2686
2672
2668
2653
2632
2619
2590
2563
2546
2544
2531
2529
2522
2519
2500
2479
2471
2469
2466
2464
2445
2440
2435
2433
2427
2426
2420
2416
2407
2399
2397
2394
2391
2386
2384
2379
2366
2349
2331
2326
2298
2292
2277
2275
2265
2259
2253
2251
2248
2227
2225
2218
2214
2195
2174
2168
2157
2113
2102
2098
2085
2082
2071
2071
2059
2059
2052
2046
2042
2038
2037
2035
2032
2002
2001
1995
1993
1987
1979
1974
1966
1963
1950
1950
1948
1945
1944
1941
1935
1931
1928
1911
1892
1853
1843
1838
1837
1810
1807
1779
1773
1769
1768
1766
1758
1751
1736
1729
1720
1718
1713
1697
1683
1676
1668
1657
1652
1628
1611
1610
1605
1586
1563
1557
1555
1554
1554
1544
1533
1526
1523
1512
1511
1505
1502
1498
1495
1483
1475
1475
1463
1453
1443
1436
1436
1432
1428
1414
1414
1408
1405
1404
1404
1399
1396
1393
1393
1390
1390
1386
1385
1385
1384
1383
1383
1381
1367
1348
1331
1327
1323
1321
1305
1301
1300
1298
1295
1289
1287
1286
1285
1280
1277
1277
1273
1267
1264
1259
1257
1257
1254
1248
1236
1236
1230
1218
1213
1209
1207
1189
1188
1186
1185
1185
1179
1179
1177
1163
1152
1143
1142
1138
1133
1122
1112
1112
1107
1099
1090
1089
1083
1077
1077
1076
1075
1058
1048
1045
1036
1033
1032
1030
1026
1025
1023
1019
1014
1008
1007
1001
998
987
983
980
979
978
976
975
973
973
970
968
955
953
947
943
924
917
916
908
904
901
897
892
890
887
885
881
879
878
872
867
865
857
849
849
848
839
837
835
831
826
818
815
811
803
795
788
786
775
762
761
759
751
732
729
728
725
722
721
713
711
704
692
692
689
677
676
672
671
671
669
668
666
663
655
655
654
643
643
642
642
634
630
618
616
606
606
601
589
586
580
576
568
567
562
561
560
557
554
554
550
545
544
542
542
541
536
534
533
532
531
530
527
523
522
520
517
510
508
508
504
503
501
495
494
485
484
484
480
473
470
470
469
469
468
465
459
456
453
450
446
444
439
436
436
435
429
424
423
419
419
412
410
406
405
403
401
399
398
396
395
395
394
392
392
392
392
387
387
387
384
384
383
380
379
379
374
374
374
373
367
364
364
361
361
357
355
353
350
350
350
348
345
345
344
341
340
339
335
331
330
329
329
329
325
323
318
316
316
315
310
307
307
305
304
304
303
303
301
300
298
295
294
289
288
287
287
286
286
282
282
279
270
270
268
264
262
262
262
262
260
255
253
249
247
245
244
240
240
239
237
237
235
234
234
230
228
227
225
222
221
219
215
214
212
207
206
205
203
202
199
198
198
192
189
188
184
183
180
180
178
178
175
173
172
169
167
162
161
160
159
158
155
151
149
149
149
149
148
148
147
147
146
142
141
139
138
134
133
132
131
130
128
127
121
121
120
116
115
113
113
112
107
104
104
103
102
101
98
95
95
94
94
94
90
90
89
87
86
85
82
82
80
78
75
75
75
74
74
71
69
66
64
63
63
61
59
58
58
57
56
55
50
49
47
45
41
39
39
36
36
34
34
34
32
30
26
25
24
23
18
17
17
17
16
14
13
13
13
12
10
9
9
8
4
3
3
3
3
2
2
1
1
1
